part_2: 3
29
11
29
55
70
37
45
19
94
0
53
46
86
85
81
24
94
97
96
4
86
61
81
36
48
60
92
78
28
60
29
66
32
40
22
37
51
41
79
13
68
34
21
53
55
43
24
22
0
81
94
0
34
8
42
0
60
39
13
46
49
27
56
94
85
90
29
99
0
43
87
90
70
29
25
98
0
28
30
26
39
42
0
81
0
20
29
35
0
48
34
78
0
20
0
55
0
58
16
75
0
59
93
95
0
16
0
12
57
65
89
0
12
0
84
35
61
86
46
76
0
62
0
53
48
18
0
84
0
19
0
76
20
31
39
4
0
23
68
0
50
3
0
50
77
0
56
0
22
3
26
22
46
8
58
74
97
86
83
89
0
99
6
59
0
76
69
38
23
0
88
0
7
71
31
78
0
31
73
18
0
94
71
43
0
80
0
15
0
85
20
0
67
24
45
99
0
10
0
64
72
0
38
51
87
39
0
33
0
30
67
69
63
4
83
36
48
8
79
0
7
54
0
11
37
79
28
38
42
72
51
0
78
94
89
43
98
68
0
79
69
0
35
82
43
83
12
84
14
39
85
0
71
30
77
70
0
56
0
76
0
33
34
28
91
84
36
89
0
72
59
62
0
92
57
0
58
75
0
30
0
24
77
10
23
71
0
45
0
1
0
39
0
83
0
67
0
42
28
50
0
69
0
30
0
97
58
31
93
18
41
20
59
0
5
71
73
0
85
96
14
0
43
72
37
42
90
82
8
41
0
69
51
0
81
0
57
0
49
0
83
50
42
0
12
85
0
18
0
68
64
35
66
41
80
0
81
25
0
77
25
0
49
84
69
66
69
78
44
97
43
0
90
54
1
66
91
85
8
19
0
32
11
42
53
16
4
98
0
17
1
84
2
53
16
0
35
0
46
72
82
24
74
0
97
89
9
13
0
88
0
83
31
15
0
50
80
0
49
0
42
2
89
0
50
79
58
54
0
57
78
0
97
0
35
57
17
24
45
88
0
11
47
0
90
88
0
84
0
3
1
76
43
76
86
28
61
33
66
6
0
62
42
0
79
7
81
85
0
59
0
21
0
77
0
15
0
32
0
79
63
0
26
0
49
84
47
21
11
55
0
20
24
64
92
0
13
73
52
18
0
4
97
0
54
0
86
88
0
89
0
23
1
0
25
0
7
66
36
0
86
39
33
0
5
0
64
0
98
95
0
46
49
0
80
0
92
0
65
0
58
21
0
31
25
0
18
0
32
85
38
73
0
99
89
16
0
80
0
45
0
25
0
29
0
1
0
14
43
40
0
51
20
62
73
12
32
53
0
43
80
66
23
42
0
46
77
46
3
66
22
28
35
54
81
33
25
0
22
0
70
60
23
12
42
0
8
62
5
0
39
17
0
7
42
0
37
26
0
20
78
0
19
70
87
0
19
65
12
0
47
61
20
0
28
0
83
44
8
0
66
16
0
27
42
73
27
42
67
0
97
11
0
90
57
0
86
16
99
24
61
0
2
0
43
65
76
59
0
49
45
93
69
0
8
0
12
0
24
0
49
98
0
96
54
31
44
77
94
0
21
79
0
32
78
84
51
78
48
77
11
23
0
68
74
44
51
13
72
98
1
59
39
55
74
0
29
86
43
85
75
96
0
73
88
85
21
0
13
16
0
47
1
0
25
0
29
12
45
20
61
0
28
20
0
89
0
64
89
27
0
92
0
32
18
0
81
4
66
54
0
9
68
25
37
50
88
0
90
0
24
42
69
9
45
57
0
40
0
99
0
94
82
0
63
0
10
82
42
11
0
17
22
61
90
36
0
25
35
34
85
18
0
47
1
35
33
74
36
0
33
28
18
17
56
0
26
57
82
91
0
50
74
0
97
0
2
67
66
64
51
0
28
0
77
75
0
88
67
45
0
52
0
45
8
47
26
80
67
0
12
0
23
59
26
0
68
0
1
67
59
0
63
85
77
4
77
0
15
32
93
49
16
0
34
2
82
71
27
0
60
0
34
0
40
0
72
0
52
0
90
13
7
0
81
0
40
94
89
0
40
72
31
63
0
19
0
57
25
0
18
57
42
40
24
49
0
42
10
96
12
0
85
0
31
54
4
0
76
88
0
29
98
84
4
0
49
0
26
91
0
87
0
9
24
48
85
25
0
91
69
0
17
0
25
0
85
42
73
74
0
43
95
71
0
94
92
36
29
20
30
65
72
29
60
0
40
0
62
18
0
6
0
46
0
74
0
80
86
63
12
20
8
0
78
89
78
0
72
61
0
73
39
0
11
0
56
53
75
1
0
11
26
53
0
39
54
0
28
0
28
57
34
0
67
0
98
0
10
41
95
34
0
15
0
83
0
86
82
0
43
38
60
0
91
0
86
42
52
57
0
35
0
80
0
2
0
57
26
49
0
83
98
7
2
76
49
21
40
33
0
18
84
75
9
61
69
86
0
32
94
92
10
0
88
0
59
92
0
38
93
0
77
76
32
41
52
39
0
12
98
0
82
89
86
0
50
0
16
0
29
73
71
75
22
32
69
0
55
0
78
60
28
31
85
65
77
34
87
57
71
45
0
67
82
0
46
94
92
94
24
26
0
53
54
6
42
16
19
0
9
22
0
78
0
19
82
0
55
37
13
69
57
79
0
34
25
0
78
0
8
47
0
46
17
21
0
88
41
26
0
30
8
0
5
72
0
15
95
48
21
34
0
63
66
42
0
10
0
98
54
0
54
42
88
46
0
62
0
7
23
83
0
68
0
12
37
0
81
0
49
41
38
0
38
0
77
92
25
31
21
12
0
72
9
26
0
55
13
0
60
83
6
35
67
87
0
19
55
56
0
71
34
0
23
74
88
33
47
0
92
99
78
92
0
50
0
70
44
69
10
70
35
0
24
39
61
34
0
67
19
0
2
85
84
39
0
72
9
0
22
0
83
0
38
13
91
68
77
29
0
89
71
0
50
26
2
85
0
10
69
37
23
29
0
91
83
64
0
13
0
89
45
79
83
41
0
19
54
40
62
0
19
71
22
0
25
18
0
98
25
35
19
8
15
0
41
63
0
87
67
22
10
87
41
24
74
4
0
72
20
23
0
55
13
0
45
64
51
0
96
0
45
0
51
25
9
57
0
94
0
6
40
22
25
0
37
11
46
0
74
0
69
5
47
8
86
25
23
60
19
86
0
38
11
59
98
69
34
40
9
96
0
56
13
78
0
8
22
36
7
0
85
49
0
89
42
87
28
58
18
25
61
91
0
57
70
0
77
84
0
38
92
1
0
69
32
11
2
35
7
60
0
58
0
72
10
97
0
83
12
77
0
39
72
0
16
28
29
0
93
0
54
0
38
0
53
0
94
0
57
59
27
26
51
0
51
8
0
43
0
12
0
83
0
22
76
95
0
68
0
76
0
19
0
33
49
88
43
0
72
19
40
71
0
75
60
13
88
0
28
51
0
63
21
66
54
0
99
22
63
0
97
88
98
0
46
66
64
0
63
0
78
0
86
83
82
0
34
74
0
39
30
0
97
0
68
0
1
70
0
70
87
15
2
0
40
0
50
94
38
0
55
78
55
72
78
0
33
98
0
43
68
0
67
12
99
0
69
0
58
0
31
99
50
0
25
0
67
93
65
0
1
36
99
0
89
0
20
63
0
62
0
6
86
67
27
0
34
79
0
20
44
0
13
5
90
3
0
11
5
77
4
5
0
79
75
0
28
74
0
74
55
56
0
41
21
15
95
0
91
78
40
0
51
12
35
0
38
0
39
6
40
8
17
55
0
20
0
29
0
22
50
89
39
0
19
96
99
37
0
96
58
60
73
56
0
82
46
0
84
61
62
0
28
10
9
26
22
40
33
0
93
34
68
0
59
51
29
65
0
85
67
22
0
68
60
64
0
5
20
0
35
0
22
1
93
0
71
0
94
59
49
23
0
39
67
38
34
82
19
56
16
23
74
0
1
54
0
42
58
60
98
75
0
67
86
7
80
19
87
61
95
0
45
27
42
0
56
0
33
27
78
0
39
31
0
2
0
60
0
89
0
99
76
48
96
0
87
78
0
82
32
73
94
37
0
82
22
62
3
36
67
20
32
0
31
0
96
21
67
57
0
44
0
40
0
38
0
46
5
22
0
44
83
11
4
2
0
63
67
58
11
0
42
26
30
0
24
25
31
0
24
74
0
79
0
20
0
32
14
69
48
97
0
55
29
0
24
73
0
54
0
91
58
0
53
12
36
24
0
34
0
85
41
85
69
38
74
27
0
93
8
98
56
0
62
17
91
0
4
0
91
0
88
34
0
83
25
17
0
30
5
67
48
0
56
38
97
30
20
0
73
74
50
0
10
0
95
18
45
59
60
30
97
0
22
0
16
51
0
45
63
41
44
69
64
0
96
63
0
30
96
0
21
0
43
0
89
51
74
0
82
0
41
0
53
8
26
0
68
79
64
42
86
64
56
0
96
85
36
66
23
64
26
0
15
50
38
22
40
62
0
72
52
22
88
92
68
0
83
0
13
85
84
0
18
56
0
84
18
15
11
0
30
93
57
0
15
84
83
31
80
6
57
90
0
60
0
59
38
70
99
79
23
95
54
20
0
90
0
56
0
71
65
0
8
19
67
0
89
28
0
9
30
0
1
21
39
88
55
65
12
2
7
21
57
0
84
0
21
5
81
0
17
0
2
0
23
0
53
96
21
0
88
44
56
32
6
51
0
82
0
99
0
59
78
30
0
59
19
83
9
39
37
0
38
45
33
30
71
0
88
76
22
8
0
20
0
7
0
13
0
48
6
3
54
64
0
96
0
12
2
0
95
27
94
0
10
16
56
36
0
73
31
47
0
11
53
7
1
69
57
0
93
8
0
4
0
28
58
0
73
0
54
38
0
32
0
35
46
3
71
5
0
86
65
0
69
43
65
97
0
10
0
85
74
8
80
48
40
0
46
10
52
0
88
33
11
0
5
61
46
0
99
0
24
49
91
72
11
50
18
64
13
0
47
56
0
12
77
7
63
0
62
68
0
47
72
30
95
0
12
92
17
19
53
75
37
11
0
61
63
0
64
0
32
75
0
14
71
11
78
32
0
99
0
20
56
39
17
0
43
94
73
43
0
79
0
37
82
85
0
69
86
96
0
79
0
61
29
0
21
0
95
0
43
39
96
0
60
77
78
95
43
82
89
0
41
0
73
0
45
84
0
18
0
62
0
5
80
42
0
43
0
26
81
42
9
76
47
37
3
91
17
0
76
25
36
27
20
27
38
20
0
33
37
0
91
58
12
0
47
49
3
0
89
96
0
94
32
0
95
53
52
67
77
0
8
88
0
32
78
18
95
0
82
0
13
65
0
8
0
92
96
74
58
0
81
0
51
8
0
2
0
66
78
0
46
9
98
66
0
5
0
11
0
72
98
0
15
0
86
70
21
34
24
0
78
0
46
25
0
49
0
22
0
50
75
0
11
0
80
29
52
0
61
40
17
52
75
47
0
55
89
2
0
30
64
19
4
6
46
0
93
54
63
76
70
0
97
67
71
66
72
86
25
45
0
70
91
56
0
37
30
45
34
0
78
63
7
45
0
23
82
0
30
77
19
0
42
0
12
48
47
0
26
59
89
37
76
2
86
26
59
25
0
18
0
61
7
77
27
98
44
74
33
3
6
79
47
54
0
19
0
89
47
0
63
0
94
0
8
19
12
88
82
59
72
0
48
13
36
54
62
89
59
62
70
23
0
70
0
87
0
42
0
4
0
71
3
93
42
43
89
0
88
60
32
88
46
34
95
96
54
0
33
29
13
0
63
51
54
55
42
5
0
78
62
1
76
0
51
0
70
0
82
0
21
75
87
5
0
16
54
0
66
93
46
52
0
95
33
10
0
28
59
75
0
64
99
37
0
66
69
4
0
33
96
0
31
0
20
82
0
34
13
48
64
91
63
0
9
0
80
67
51
55
86
15
38
43
0
73
0
40
84
95
21
0
67
45
2
84
23
0
62
76
0
38
0
72
7
45
40
0
56
84
90
95
0
46
52
0
77
69
0
40
65
7
37
3
67
86
63
33
0
50
0
98
0
78
94
68
48
0
43
91
27
95
13
27
44
0
25
69
5
85
77
0
95
9
10
96
16
50
0
86
97
68
78
57
38
34
0
92
70
0
29
0
96
0
87
34
59
81
56
0
25
71
0
82
0
46
55
0
7
66
80
0
8
0
24
0
61
88
73
72
74
14
0
65
41
12
52
0
12
18
6
0
51
0
6
43
96
0
58
0
36
0
72
29
0
97
83
0
85
19
0
97
16
0
15
72
67
0
45
7
66
99
37
0
97
25
0
68
31
11
0
49
0
11
29
26
0
8
0
57
0
14
0
21
32
13
10
0
98
87
56
58
0
50
58
3
61
23
29
10
1
34
16
62
40
33
0
96
85
0
83
61
73
31
15
38
12
0
25
42
12
60
63
81
0
82
0
97
0
58
67
1
0
94
85
0
53
0
58
0
3
63
31
0
51
0
85
0
19
58
0
53
82
0
10
40
48
0
52
86
1
39
8
0
42
0
82
27
0
15
82
31
92
21
22
58
64
71
14
12
71
4
75
0
97
0
6
0
70
83
0
54
93
31
21
42
73
64
0
69
0
15
0
70
0
75
0
43
88
55
71
8
0
7
0
77
70
52
0
41
0
43
0
44
96
0
45
0
91
0
1
5
0
24
26
65
9
0
96
0
52
39
0
16
24
83
36
0
69
0
73
0
10
27
41
72
0
44
0
39
4
8
0
82
91
89
48
6
17
0
87
29
12
3
0
73
18
0
89
0
79
58
0
16
85
47
0
73
0
95
87
0
38
60
98
54
9
51
16
0
94
98
8
56
0
34
12
0
27
99
85
0
1
0
22
0
32
49
24
26
21
0
19
0
70
73
6
19
94
62
64
0
95
39
55
18
38
0
69
73
62
0
35
6
84
83
3
52
0
11
7
10
2
0
50
19
43
25
8
0
54
0
41
0
29
0
48
29
79
31
0
87
0
38
0
47
0
76
31
55
0
83
58
39
0
10
0
84
54
2
0
65
53
1
0
37
13
0
71
0
43
0
97
87
0
88
40
98
79
0
93
84
31
7
50
97
0
35
48
0
91
34
1
0
14
40
0
42
0
14
58
0
2
0
23
0
45
0
63
47
65
10
12
65
0
98
48
96
10
92
0
68
79
65
0
35
0
38
0
33
25
50
63
0
67
31
38
53
76
2
73
0
60
14
57
0
30
31
0
92
41
49
0
51
42
0
64
0
30
49
6
46
67
0
4
16
72
0
42
24
25
87
0
54
90
42
0
29
62
0
43
0
11
0
67
66
79
26
6
24
46
19
54
11
53
80
0
11
53
0
12
0
27
48
0
90
67
0
94
0
86
0
5
0
72
61
6
40
56
88
0
33
0
90
0
61
89
0
76
0
89
50
0
1
71
0
40
9
90
70
27
0
42
69
34
33
0
58
50
11
2
31
0
95
0
88
13
34
62
13
15
0
32
0
21
73
0
62
83
28
36
46
0
27
0
1
0
90
83
31
96
59
0
62
55
0
15
0
55
0
2
0
87
94
0
38
0
41
0
21
13
78
97
0
15
84
76
0
52
0
85
38
0
78
9
80
59
0
33
0
3
93
0
44
0
12
37
0
68
50
0
17
48
60
27
0
92
0
67
72
0
3
69
73
0
62
0
57
93
34
37
0
54
57
58
71
0
21
88
94
0
93
0
63
23
0
64
25
22
0
36
0
44
86
75
70
91
9
91
96
97
63
41
0
18
73
0
79
20
12
38
47
0
1
56
46
41
20
52
99
78
0
11
50
23
0
21
45
19
0
11
94
3
16
61
41
0
90
95
5
67
0
33
50
43
82
0
58
33
0
93
96
87
82
15
0
96
27
14
60
0
12
47
98
4
0
73
99
0
60
0
62
0
13
0
16
0
66
30
0
64
91
0
15
72
84
87
0
56
0
78
0
57
0
64
0
75
86
1
0
97
0
55
20
11
88
37
3
13
50
0
49
0
58
0
78
85
4
58
12
84
71
82
98
54
43
7
79
73
67
51
94
0
71
61
0
81
0
33
51
89
0
21
98
47
80
52
71
37
0
20
0
2
0
20
47
71
88
21
89
4
16
3
51
67
48
0
15
96
90
78
23
9
44
0
35
63
80
76
79
5
0
48
50
0
44
47
0
72
0
19
0
68
20
7
70
50
98
63
13
18
0
1
0
89
49
0
6
0
6
39
61
88
22
31
84
26
12
0
44
63
0
21
14
0
89
0
69
28
7
0
29
0
28
0
69
49
27
62
65
80
22
59
0
77
0
80
0
48
73
76
5
7
87
20
50
62
48
29
0
66
34
81
8
0
8
69
0
13
0
50
0
16
76
25
0
1
94
52
0
71
0
54
11
18
86
95
36
35
24
27
80
0
59
0
1
44
92
0
10
0
34
29
0
63
68
17
0
17
0
72
22
37
0
33
70
81
53
49
76
0
7
45
0
32
68
0
2
64
0
87
38
0
76
0
61
0
69
16
68
94
0
32
62
85
87
0
70
91
10
0
2
37
0
46
3
9
1
5
0
61
20
0
52
6
0
44
49
83
0
33
24
55
80
0
14
68
4
0
42
45
23
0
30
0
40
91
0
34
58
89
13
91
0
32
88
58
47
43
49
15
57
88
74
40
18
40
63
0
57
55
3
84
99
87
0
28
97
0
57
10
70
30
0
83
61
33
0
79
69
47
0
36
0
49
0
1
0
67
3
35
20
50
99
0
30
0
5
33
63
0
26
20
29
20
32
54
0
48
38
70
69
0
11
37
52
47
0
48
20
11
0
42
10
0
51
30
4
71
36
26
0
5
63
20
88
27
3
0
30
0
94
0
2
0
19
20
53
0
13
14
26
46
88
0
95
0
40
32
19
37
78
0
8
0
49
14
0
75
18
0
82
93
94
33
0
90
0
47
55
0
18
34
70
14
7
0
65
0
92
57
62
0
97
0
65
15
0
35
58
17
0
92
9
80
84
0
15
96
20
50
0
77
0
51
69
0
86
16
37
23
73
8
0
4
41
0
25
53
0
31
11
40
0
45
30
83
0
11
0
70
0
27
40
0
59
24
52
11
23
53
12
0
77
16
52
62
45
75
11
39
23
37
0
34
4
0
82
19
0
70
73
49
10
0
3
27
48
16
0
25
0
38
45
0
76
82
91
0
69
56
14
42
73
52
32
0
51
0
21
0
49
30
10
89
0
26
35
0
53
99
0
59
96
85
8
34
59
77
0
38
21
0
80
37
24
0
43
69
33
0
48
29
42
31
0
35
86
0
74
64
72
92
23
60
34
0
23
66
93
0
59
81
12
10
0
93
0
10
60
49
22
0
26
0
15
12
89
61
42
99
36
0
26
0
87
42
62
0
2
5
93
45
38
24
40
88
9
17
14
0
8
93
98
64
91
12
67
0
29
68
57
66
86
0
28
0
76
69
35
0
53
0
55
66
0
30
77
20
0
70
0
57
94
8
12
10
0
30
14
10
58
64
8
28
97
51
0
2
0
63
85
31
58
42
0
37
0
92
60
31
23
34
0
48
39
0
77
62
80
0
24
0
87
0
38
45
0
1
0
75
66
24
0
78
0
32
9
18
56
82
0
45
12
42
65
0
45
28
68
36
0
86
78
51
0
15
70
0
65
42
17
18
0
60
58
4
0
30
8
59
51
0
38
54
0
27
88
83
21
56
66
0
54
74
0
41
85
51
45
0
65
90
59
84
0
81
0
91
0
70
0
54
58
5
75
94
0
7
0
6
8
44
19
34
69
0
22
29
87
61
0
85
32
0
67
0
49
67
2
46
0
34
36
0
56
64
90
0
27
73
0
59
98
0
7
0
24
12
81
85
22
0
96
0
74
52
0
49
0
47
56
0
27
0
25
0
77
28
35
51
19
69
0
8
0
79
7
25
0
2
32
39
75
28
0
20
0
10
98
55
0
89
94
79
7
0
50
0
8
0
13
49
75
0
4
39
0
86
61
11
0
70
0
74
0
37
38
80
0
6
0
71
79
51
3
17
42
92
24
0
39
60
0
64
7
32
12
64
0
23
83
5
25
32
92
43
36
52
95
0
20
99
0
36
65
33
53
31
0
20
27
33
56
58
54
0
85
57
14
0
3
84
66
89
0
36
40
0
41
0
25
91
54
0
91
81
58
35
19
0
75
0
36
75
0
46
83
20
24
38
71
87
28
97
0
20
0
46
9
42
22
87
2
73
66
0
73
71
36
5
46
4
97
89
2
46
0
36
62
26
0
79
12
57
39
72
0
99
0
22
0
80
5
0
63
24
88
0
56
0
59
41
60
22
75
0
58
86
12
88
70
0
73
64
97
20
9
0
1
80
87
34
0
88
22
72
63
62
19
87
74
91
5
48
88
84
13
82
58
52
28
57
49
30
42
24
31
35
99
3
8
73
85
40
79
8
72
75
64
87
65
24
38
64
34
87
27
90
14
46
74
30
83
92
6738
